100 117500 2500
200 383500 2400
300 934800 3300
400 1626500 5000
500 2475300 4900
600 3440000 14500
700 3999200 6500
800 5232500 7300
900 6824000 8200
1000 8306100 9000
1100 21648100 87600
1200 28791600 10600
1300 20645300 18800
1400 22951200 58300
1500 28103900 24800
1600 24997400 13800
1700 27120200 22300
1800 29595600 15100
1900 30219300 16300
2000 36702800 16700
2100 42871800 18000
2200 40118100 18600
2300 45793100 21200
2400 48212800 19800
2500 53435400 21200
2600 55251900 21300
2700 59724800 21400
2800 62371000 22800
2900 69525300 23700
3000 76831300 25300
3100 76766600 25200
3200 84645900 27500
3300 89681000 26700
3400 95864100 27500
3500 101464600 29000
3600 106842300 30200
3700 118636000 30700
3800 129305900 32100
3900 126040400 31400
4000 134710200 32200
4100 151235300 33900
4200 196428600 35100
4300 171223300 35800
4400 166826400 36500
4500 187781100 37300
4600 242454000 38100
4700 212892000 75100
4800 275702300 39900
4900 225163700 40600
5000 202814000 39100
5100 235159600 40900
5200 229146700 41800
5300 248445200 42700
5400 236920800 42100
5500 245251100 42800
5600 305698400 46100
5700 340096400 45700
5800 322885300 47900
5900 299638600 51800
6000 301782800 46900
6100 306282100 47500
6200 313359100 54400
6300 356207300 48900
6400 375178400 52900
6500 346636700 64300
6600 354863200 51300
6700 385648700 55000
6800 471992100 69100
6900 462639300 56600
7000 445920700 57600
7100 410018900 56700
7200 457478500 59200
7300 551740800 58400
7400 482580400 62000
7500 457948900 62400
7600 474658900 60900
7700 512288900 61400
7800 567140200 64700
7900 505897500 65700
8000 526338700 65600
8100 728925100 66500
8200 918798300 67300
8300 647863300 68000
8400 681575500 148500
8500 713557000 69700
8600 658327200 70400
8700 750153000 71200
8800 680630400 72700
8900 832221300 81800
9000 862067500 140100
9100 874930300 417300
9200 780205500 75200
9300 714431900 85700
9400 784083000 77000
9500 941071000 80300
9600 836079400 76100
9700 831901700 168500
9800 976236000 158500
9900 1067846200 81000
10000 960973400 77100
