100 0.000003 0.000018
200 0.000003 0.000021
300 0.000003 0.000003
400 0.000005 0.000004
500 0.000002 0.000003
600 0.000004 0.000003
700 0.000004 0.000004
800 0.000004 0.000003
900 0.000003 0.000003
1000 0.000005 0.000003
1100 0.000004 0.000003
1200 0.000005 0.000004
1300 0.000005 0.000004
1400 0.000004 0.000004
1500 0.000005 0.000003
1600 0.000004 0.000004
1700 0.000004 0.000004
1800 0.000004 0.000004
1900 0.000004 0.000003
2000 0.000004 0.000003
2100 0.000004 0.000003
2200 0.000019 0.000004
2300 0.000019 0.000004
2400 0.000018 0.000004
2500 0.000018 0.000004
2600 0.000019 0.000004
2700 0.000020 0.000004
2800 0.000019 0.000003
2900 0.000019 0.000004
3000 0.000019 0.000004
3100 0.000019 0.000005
3200 0.000019 0.000004
3300 0.000020 0.000004
3400 0.000019 0.000004
3500 0.000010 0.000004
3600 0.000010 0.000003
3700 0.000010 0.000004
3800 0.000009 0.000003
3900 0.000010 0.000004
4000 0.000009 0.000004
4100 0.000010 0.000005
4200 0.000032 0.000002
4300 0.000032 0.000003
4400 0.000033 0.000003
4500 0.000035 0.000004
4600 0.000011 0.000005
4700 0.000008 0.000004
4800 0.000007 0.000003
4900 0.000008 0.000004
5000 0.000052 0.000004
5100 0.000051 0.000003
5200 0.000052 0.000004
5300 0.000055 0.000003
5400 0.000016 0.000017
5500 0.000015 0.000003
5600 0.000016 0.000003
5700 0.000025 0.000004
5800 0.000026 0.000004
5900 0.000025 0.000003
6000 0.000024 0.000004
6100 0.000018 0.000003
6200 0.000018 0.000004
6300 0.000012 0.000003
6400 0.000013 0.000003
6500 0.000007 0.000004
6600 0.000008 0.000004
6700 0.000017 0.000003
6800 0.000008 0.000003
6900 0.000008 0.000003
7000 0.000033 0.000003
7100 0.000111 0.000003
7200 0.000121 0.000004
7300 0.000024 0.000004
7400 0.000025 0.000003
7500 0.000014 0.000003
7600 0.000013 0.000003
7700 0.000019 0.000003
7800 0.000010 0.000004
7900 0.000016 0.000003
8000 0.000014 0.000003
8100 0.000004 0.000004
8200 0.000054 0.000004
8300 0.000051 0.000004
8400 0.000058 0.000004
8500 0.000039 0.000004
8600 0.000034 0.000004
8700 0.000052 0.000004
8800 0.000013 0.000003
8900 0.000011 0.000003
9000 0.000019 0.000003
9100 0.000007 0.000004
9200 0.000009 0.000004
9300 0.000077 0.000004
9400 0.000010 0.000004
9500 0.000021 0.000003
9600 0.000026 0.000004
9700 0.000022 0.000003
9800 0.000082 0.000003
9900 0.000014 0.000002
