1000 0.008343 0.000332
2000 0.024433 0.000933
3000 0.052858 0.001420
4000 0.092056 0.002679
5000 0.143947 0.004040
6000 0.205253 0.006258
7000 0.315379 0.008237
8000 0.379256 0.010936
9000 0.479383 0.014402
10000 0.659236 0.017504
11000 0.760096 0.021246
12000 0.932285 0.026003
13000 1.061334 0.041525
14000 1.226273 0.036155
15000 1.327949 0.042825
16000 1.583345 0.052182
17000 2.105766 0.056876
18000 2.071209 0.064507
19000 2.344017 0.072144
20000 2.671774 0.084590
21000 2.772845 0.088259
22000 3.182360 0.111356
23000 3.313613 0.107028
24000 3.563088 0.123618
25000 3.984635 0.133695
26000 5.160045 0.137655
27000 4.647885 0.158124
28000 5.036832 0.178676
29000 5.557614 0.191670
30000 5.822876 0.184839
31000 6.463123 0.212229
32000 6.941400 0.229448
33000 7.236964 0.225681
34000 7.990763 0.255279
35000 8.766067 0.273210
36000 9.469355 0.283797
37000 10.196249 0.301827
38000 11.180308 0.318348
39000 12.061039 0.339001
40000 12.905106 0.370685
41000 13.590057 0.352598
42000 14.785505 0.390215
43000 15.628992 0.410870
44000 16.787877 0.414820
45000 17.464601 0.453165
46000 27.521058 0.718409
47000 37.468947 0.717651
48000 31.579287 0.525140
49000 25.422704 0.544994
